Input Vector (first 5 rows):
[[0. 0. 0. 0. 0. 0. 0. 0. 0. 0. 0. 0. 0. 0. 1. 1. 1. 0. 0. 0. 0. 0. 0. 0.
  0. 0. 0. 0. 0. 0. 0. 0. 0. 0. 0. 0. 1. 0. 0. 0. 0. 0. 1. 0. 0. 0. 0. 1.
  0. 0. 0. 1. 0. 0. 0. 0. 1. 0. 1. 0. 0. 0. 0. 0. 0. 0. 0. 0. 0. 0. 1. 0.
  0. 0. 0. 0. 0. 0. 0. 1. 0. 0. 0. 0. 0. 0. 0. 0. 0. 0. 0. 0. 0. 0. 0. 0.
  0. 0. 0. 0. 1. 0. 0. 0. 0. 0. 0. 0. 0. 0. 0. 0. 0. 0. 0. 0. 0. 0. 0. 0.
  0. 1. 0. 1. 0. 1. 1. 0. 0. 1. 1. 1. 0. 0. 0. 1. 0. 0. 0. 0. 0. 0. 0. 1.
  1. 1. 0. 0. 0. 0. 0. 0. 0. 0. 0. 0. 0. 0. 0. 0. 0. 0. 0. 0. 0. 0. 0. 0.
  0. 0. 0. 1. 0. 0. 0. 0. 1. 0. 0. 0. 0. 0. 0. 1. 0. 0. 1. 0. 0. 0. 0. 0.
  0. 0. 0. 0. 0. 0. 0. 0. 0. 1. 0. 0. 1. 1. 0. 1. 1. 1. 1. 1. 1. 1. 0. 0.
  0. 0. 0. 0. 1. 0. 1. 0. 1. 0. 0. 0. 0. 0. 0. 0. 0. 0. 1. 0. 0. 0. 1. 1.
  1. 0. 0. 0. 0. 0. 1. 0. 0. 1. 1. 0. 0. 1. 1. 0. 0. 0. 0. 0. 0. 0. 0. 0.
  1. 1. 0. 1. 1. 1. 0. 0. 0. 1. 0. 1. 0. 1. 1. 0. 0. 1. 1. 0. 1. 0. 0. 0.
  0. 0. 0. 0. 0. 0. 0. 0. 0. 0. 0. 0. 0. 0. 1. 1. 0. 0. 1. 0. 0. 0. 0. 0.
  0. 0. 0. 0. 0. 1. 1. 1. 0. 0. 0. 0. 0. 0. 0. 1. 1. 0. 0. 0. 1. 1. 0. 0.
  0. 1. 0. 0. 0. 1. 0. 0. 0. 0. 0. 0. 1. 0. 0. 0. 1. 0. 0. 1. 0. 1. 0. 1.
  1. 1. 1. 1. 0. 0. 1. 0. 0. 0. 0. 0. 1. 0. 1. 0. 0. 0. 0. 0. 1. 0. 0. 0.
  0. 1. 0. 0. 0. 0. 0. 0. 0. 0. 0. 0. 0. 0. 0. 0. 0. 0. 0. 0. 0. 0. 0. 0.
  0. 0. 0. 0. 0. 0. 0. 0. 0. 0. 0. 0. 0. 0. 0. 0. 0. 0. 0. 0. 0. 0. 0. 0.
  0. 0. 0. 0. 0. 0. 0. 0. 0. 0. 0. 0. 0. 0. 0. 0. 0. 0. 0. 0. 0. 0. 0. 0.
  0. 0. 0. 0. 0. 0. 0. 0. 0. 0. 0. 0. 0. 0. 0. 0. 0. 0. 0. 0. 0. 0. 0. 0.
  0. 0. 0. 0. 0. 0. 0. 0. 0. 0. 0. 0. 0. 0. 0. 0. 0. 0. 0. 0.]
 [0. 1. 0. 0. 0. 0. 0. 0. 0. 0. 0. 0. 0. 0. 1. 0. 0. 0. 0. 0. 0. 1. 0. 0.
  0. 1. 1. 1. 1. 1. 1. 0. 1. 0. 1. 0. 0. 0. 0. 1. 1. 0. 1. 0. 0. 0. 1. 0.
  1. 0. 0. 0. 1. 1. 1. 0. 0. 0. 0. 0. 1. 0. 0. 0. 0. 0. 0. 0. 0. 0. 0. 0.
  0. 0. 0. 0. 0. 0. 0. 0. 0. 0. 0. 0. 0. 0. 0. 0. 0. 0. 0. 0. 0. 0. 0. 0.
  0. 0. 0. 0. 0. 0. 0. 0. 0. 1. 0. 0. 1. 1. 0. 1. 0. 0. 0. 1. 0. 0. 0. 0.
  0. 0. 1. 0. 0. 0. 0. 0. 0. 0. 0. 0. 0. 1. 0. 0. 0. 0. 0. 0. 0. 0. 0. 1.
  1. 0. 0. 1. 0. 1. 0. 0. 0. 0. 0. 0. 0. 0. 0. 0. 0. 0. 0. 0. 0. 1. 0. 1.
  0. 0. 0. 0. 0. 0. 0. 0. 0. 0. 0. 0. 0. 0. 0. 0. 0. 0. 0. 0. 0. 0. 0. 0.
  0. 0. 0. 0. 0. 0. 0. 0. 1. 0. 0. 1. 1. 0. 1. 1. 0. 0. 0. 0. 0. 1. 0. 0.
  1. 0. 0. 1. 0. 0. 0. 1. 1. 0. 0. 0. 0. 0. 0. 0. 0. 0. 0. 0. 0. 0. 1. 0.
  0. 0. 0. 0. 0. 1. 0. 0. 0. 0. 0. 1. 0. 0. 0. 0. 0. 1. 1. 1. 0. 1. 1. 1.
  1. 0. 1. 0. 0. 0. 0. 0. 0. 0. 0. 0. 0. 0. 0. 0. 0. 0. 0. 0. 0. 0. 0. 0.
  0. 0. 0. 0. 0. 0. 0. 0. 0. 0. 0. 0. 0. 0. 1. 0. 0. 0. 0. 0. 0. 0. 1. 0.
  1. 0. 0. 0. 0. 1. 1. 0. 1. 0. 0. 0. 0. 0. 0. 0. 0. 0. 0. 1. 0. 0. 0. 1.
  1. 1. 0. 0. 0. 1. 0. 0. 0. 0. 0. 0. 0. 0. 1. 0. 0. 0. 0. 1. 1. 0. 0. 0.
  0. 0. 0. 0. 0. 0. 0. 0. 1. 1. 0. 0. 0. 0. 0. 0. 0. 0. 0. 0. 0. 0. 0. 0.
  0. 0. 0. 0. 0. 0. 0. 0. 0. 0. 0. 0. 0. 0. 0. 0. 0. 0. 0. 0. 0. 0. 0. 0.
  0. 0. 0. 0. 0. 0. 0. 0. 0. 0. 0. 0. 0. 0. 0. 0. 0. 0. 0. 0. 0. 0. 0. 0.
  0. 0. 0. 0. 0. 0. 0. 0. 0. 0. 0. 0. 0. 0. 0. 0. 0. 0. 0. 0. 0. 0. 0. 0.
  0. 0. 0. 0. 0. 0. 0. 0. 0. 0. 0. 0. 0. 0. 0. 0. 0. 0. 0. 0. 0. 0. 0. 0.
  0. 0. 0. 0. 0. 0. 0. 0. 0. 0. 0. 0. 0. 0. 0. 0. 0. 0. 0. 0.]]

After Encoder Layer 1 (first 5 rows):
[[ 0.01 -0.   -0.   -0.   -0.    0.21 -0.   -0.   -0.   -0.   -0.    0.17
   0.02 -0.   -0.    0.66 -0.   -0.   -0.05 -0.   -0.   -0.   -1.12 -0.
  -0.   -0.1  -0.   -0.   -0.   -0.   -0.   -0.   -0.   -0.   -0.72 -0.
  -0.    0.03 -0.   -0.   -0.53 -0.   -0.    1.03 -0.    0.02 -0.12  2.1
  -0.08 -0.   -0.   -0.   -0.07 -0.   -0.   -0.    0.7  -0.   -0.08 -0.
  -0.   -0.    1.32 -0.05  0.04 -0.    0.17 -0.   -0.32  0.15 -0.03 -0.16
  -0.   -0.02 -0.01 -0.07 -0.   -0.01 -0.   -0.   -0.   -0.   -0.    0.34
  -0.   -0.   -0.   -0.   -0.   -0.    0.09 -0.   -0.03 -0.   -0.   -0.
  -0.   -0.   -0.   -0.   -0.    0.99 -0.    1.25 -0.   -0.   -0.05 -0.
  -0.   -0.01 -0.19  2.04  2.65 -0.   -0.   -0.06 -0.    0.06  0.64 -0.07
  -0.    0.1  -0.   -0.   -0.   -0.   -0.   -0.  ]
 [-0.43 -0.   -0.   -0.   -0.   -0.19 -0.   -0.   -0.   -0.   -0.    0.01
   0.19 -0.   -0.    0.01 -0.   -0.   -0.05 -0.   -0.   -0.    0.39 -0.
  -0.   -0.12 -0.   -0.   -0.   -0.   -0.   -0.   -0.   -0.   -0.62 -0.
  -0.    0.18 -0.   -0.    0.32 -0.   -0.    0.57 -0.    0.12 -0.12  1.24
   0.31 -0.   -0.   -0.    0.25 -0.   -0.   -0.   -0.01 -0.    0.26 -0.
  -0.   -0.    0.75  0.3  -0.09 -0.    0.12 -0.   -0.22 -0.07 -0.04 -0.18
  -0.   -0.02 -0.01  0.3  -0.   -0.01 -0.   -0.   -0.04 -0.   -0.   -0.03
  -0.   -0.   -0.   -0.   -0.   -0.    0.13 -0.    0.25 -0.   -0.   -0.
  -0.   -0.   -0.   -0.   -0.    0.53 -0.    0.7  -0.   -0.    0.24 -0.
  -0.   -0.01 -0.11  1.21  1.58 -0.   -0.    0.25 -0.   -0.12  0.01  0.26
  -0.    0.12 -0.   -0.   -0.   -0.   -0.   -0.  ]]

After Encoder Layer 2 (first 5 rows):
[[0.01 0.   0.   0.   0.   0.21 0.   0.   0.   0.   0.   0.17 0.02 0.
  0.   0.66 0.   0.   0.   0.   0.   0.   0.   0.   0.   0.   0.   0.
  0.   0.   0.   0.   0.   0.   0.   0.   0.   0.03 0.   0.   0.   0.
  0.   1.03 0.   0.02 0.   2.1  0.   0.   0.   0.   0.   0.   0.   0.
  0.7  0.   0.   0.   0.   0.   1.32 0.   0.04 0.   0.17 0.   0.   0.15
  0.   0.   0.   0.   0.   0.   0.   0.   0.   0.   0.   0.   0.   0.34
  0.   0.   0.   0.   0.   0.   0.09 0.   0.   0.   0.   0.   0.   0.
  0.   0.   0.   0.99 0.   1.25 0.   0.   0.   0.   0.   0.   0.   2.04
  2.65 0.   0.   0.   0.   0.06 0.64 0.   0.   0.1  0.   0.   0.   0.
  0.   0.  ]
 [0.   0.   0.   0.   0.   0.   0.   0.   0.   0.   0.   0.01 0.19 0.
  0.   0.01 0.   0.   0.   0.   0.   0.   0.39 0.   0.   0.   0.   0.
  0.   0.   0.   0.   0.   0.   0.   0.   0.   0.18 0.   0.   0.32 0.
  0.   0.57 0.   0.12 0.   1.24 0.31 0.   0.   0.   0.25 0.   0.   0.
  0.   0.   0.26 0.   0.   0.   0.75 0.3  0.   0.   0.12 0.   0.   0.
  0.   0.   0.   0.   0.   0.3  0.   0.   0.   0.   0.   0.   0.   0.
  0.   0.   0.   0.   0.   0.   0.13 0.   0.25 0.   0.   0.   0.   0.
  0.   0.   0.   0.53 0.   0.7  0.   0.   0.24 0.   0.   0.   0.   1.21
  1.58 0.   0.   0.25 0.   0.   0.01 0.26 0.   0.12 0.   0.   0.   0.
  0.   0.  ]]

After Encoder Layer 3 (first 5 rows):
[[-0.    1.13 -0.03 -0.    0.46 -0.01 -0.02  0.83 -0.   -0.03 -0.   -0.03
  -0.02 -0.01 -0.    0.52  0.62 -0.02 -0.   -0.   -0.   -0.03 -0.   -0.
   0.96 -0.   -0.   -0.   -0.   -0.03  0.28 -0.    0.53 -0.02 -0.03  0.43
  -0.03  0.18 -0.03 -0.02  0.95  0.46 -0.    0.41  1.09 -0.03  0.93 -0.
  -0.   -0.    0.53  0.94  0.   -0.03  0.68  0.88  0.89 -0.03  0.03  1.07
   0.75 -0.02 -0.4  -0.  ]
 [-0.    0.52  0.21 -0.    0.28 -0.    0.29  0.39 -0.    0.35 -0.    0.37
   0.31 -0.01 -0.    0.23  0.32  0.17 -0.   -0.    0.    0.25 -0.   -0.
   0.44 -0.   -0.   -0.   -0.    0.3   0.12  0.    0.24  0.3   0.25  0.19
   0.19  0.4  -0.02  0.32  0.46  0.2  -0.    0.18  0.5   0.33  0.42 -0.
  -0.   -0.    0.23  0.43  0.    0.2   0.31  0.39  0.42  0.2   0.22  0.52
   0.35  0.4   0.18 -0.  ]]

After Encoder Layer 4 (first 5 rows):
[[0.   1.13 0.   0.   0.46 0.   0.   0.83 0.   0.   0.   0.   0.   0.
  0.   0.52 0.62 0.   0.   0.   0.   0.   0.   0.   0.96 0.   0.   0.
  0.   0.   0.28 0.   0.53 0.   0.   0.43 0.   0.18 0.   0.   0.95 0.46
  0.   0.41 1.09 0.   0.93 0.   0.   0.   0.53 0.94 0.   0.   0.68 0.88
  0.89 0.   0.03 1.07 0.75 0.   0.   0.  ]
 [0.   0.52 0.21 0.   0.28 0.   0.29 0.39 0.   0.35 0.   0.37 0.31 0.
  0.   0.23 0.32 0.17 0.   0.   0.   0.25 0.   0.   0.44 0.   0.   0.
  0.   0.3  0.12 0.   0.24 0.3  0.25 0.19 0.19 0.4  0.   0.32 0.46 0.2
  0.   0.18 0.5  0.33 0.42 0.   0.   0.   0.23 0.43 0.   0.2  0.31 0.39
  0.42 0.2  0.22 0.52 0.35 0.4  0.18 0.  ]]

After Encoder Layer 5 (first 5 rows):
[[-0.03 -0.01 -0.02 -0.02 -0.01 -0.02  1.15  0.02  2.18 -0.   -1.05 -0.  ]
 [ 0.51  0.32  0.25  0.65 -0.    0.51  0.53  0.76  0.99 -0.   -0.38 -0.  ]]

After Encoder Layer 6 (first 5 rows):
[[0.   0.   0.   0.   0.   0.   1.15 0.02 2.18 0.   0.   0.  ]
 [0.51 0.32 0.25 0.65 0.   0.51 0.53 0.76 0.99 0.   0.   0.  ]]

After Encoder Layer 7 (first 5 rows):
[[ 0.99 -0.54]
 [ 0.05  0.43]]

After Encoder Layer 8 (first 5 rows):
[[0.82 0.18]
 [0.41 0.59]]

Latent Representation (first 5 rows):
[[0.82 0.18]
 [0.41 0.59]
 [0.24 0.76]
 [0.04 0.96]
 [0.04 0.96]
 [0.18 0.82]
 [0.82 0.18]
 [0.03 0.97]
 [0.58 0.42]
 [0.04 0.96]]

After Decoder Layer 1 (first 5 rows):
[[-0.36 -0.    0.83  0.05  0.04 -0.    1.25  0.63 -0.   -0.    1.23  0.78]
 [ 0.02 -0.    0.54  0.63  0.71 -0.    0.9   0.19 -0.   -0.    0.93  0.66]]

After Decoder Layer 2 (first 5 rows):
[[0.   0.   0.83 0.05 0.04 0.   1.25 0.63 0.   0.   1.23 0.78]
 [0.02 0.   0.54 0.63 0.71 0.   0.9  0.19 0.   0.   0.93 0.66]]

After Decoder Layer 3 (first 5 rows):
[[ 0.82 -0.    1.41 -0.    0.03  0.76 -0.   -0.   -0.    0.85  1.36 -0.
  -0.   -0.    0.11 -0.   -0.    0.59 -0.    0.04  0.03 -0.    1.11 -0.
  -0.   -0.   -0.    0.79  0.03  0.4   0.54 -0.   -0.   -0.    0.56 -0.
  -0.    0.79 -0.    1.03 -0.    0.81 -0.    0.38  1.03  0.18  1.3  -0.
   0.81  0.48 -0.13 -0.   -0.   -0.26  0.92  1.   -0.2  -0.   -0.   -0.
  -0.   -0.18  0.6   0.01]
 [ 0.44 -0.    0.45 -0.    0.34  0.4  -0.   -0.   -0.    0.44  0.3  -0.
  -0.   -0.    0.1  -0.   -0.   -0.88 -0.    0.48  0.38 -0.    0.57 -0.
  -0.   -0.   -0.    0.42  0.34  0.21  0.25 -0.   -0.   -0.    0.31 -0.
  -0.    0.41 -0.    0.54 -0.    0.42 -0.    0.39  0.54  0.22  0.67 -0.
   0.43  0.27  0.2  -0.   -0.    0.71  0.49 -0.37 -0.18 -0.   -0.   -0.
  -0.    0.5  -1.09  0.07]]

After Decoder Layer 4 (first 5 rows):
[[0.82 0.   1.41 0.   0.03 0.76 0.   0.   0.   0.85 1.36 0.   0.   0.
  0.11 0.   0.   0.59 0.   0.04 0.03 0.   1.11 0.   0.   0.   0.   0.79
  0.03 0.4  0.54 0.   0.   0.   0.56 0.   0.   0.79 0.   1.03 0.   0.81
  0.   0.38 1.03 0.18 1.3  0.   0.81 0.48 0.   0.   0.   0.   0.92 1.
  0.   0.   0.   0.   0.   0.   0.6  0.01]
 [0.44 0.   0.45 0.   0.34 0.4  0.   0.   0.   0.44 0.3  0.   0.   0.
  0.1  0.   0.   0.   0.   0.48 0.38 0.   0.57 0.   0.   0.   0.   0.42
  0.34 0.21 0.25 0.   0.   0.   0.31 0.   0.   0.41 0.   0.54 0.   0.42
  0.   0.39 0.54 0.22 0.67 0.   0.43 0.27 0.2  0.   0.   0.71 0.49 0.
  0.   0.   0.   0.   0.   0.5  0.   0.07]]

After Decoder Layer 5 (first 5 rows):
[[-0.   -0.   -0.   -0.03 -0.22 -0.03 -0.    0.06 -0.19 -0.   -0.   -0.02
  -0.   -0.    0.07 -0.   -0.    0.27 -0.11  0.13 -0.    0.09 -0.25 -0.07
  -0.   -3.01 -0.1   0.   -0.    0.14  0.07 -0.04  0.04 -0.   -0.29 -0.
  -0.   -0.   -0.05 -0.02 -0.   -0.02 -4.02 -0.03 -0.14 -0.01 -0.01  0.06
  -0.   -0.   -0.   -0.25 -0.01 -0.   -0.   -0.03 -0.   -0.   -1.08 -0.08
  -0.04  0.01  0.05 -0.07  0.06 -0.   -0.03 -1.04 -0.   -0.02 -0.   -0.26
  -0.   -0.01 -6.41 -0.   -0.   -0.   -0.01 -0.47 -0.01  0.7  -0.   -0.02
   0.9  -0.02 -0.   -0.   -0.    0.21 -0.   -0.   -0.04 -0.   -0.    0.55
   0.15  0.01  0.16  0.06  0.03 -0.   -0.25  0.06  0.45 -0.01 -0.    0.42
  -0.05  0.07 -0.1  -0.   -1.32 -0.05 -0.   -0.    0.04 -0.   -0.   -0.
  -0.    0.45 -0.03 -0.   -0.29 -0.   -0.    0.04]
 [-0.   -0.   -0.   -0.01  0.06 -0.01 -0.    0.2   0.02 -0.   -0.   -0.07
  -0.   -0.    0.07 -0.   -0.    0.11 -0.06  0.08 -0.    0.06 -0.13 -0.03
  -0.   -0.69 -0.01 -0.   -0.   -0.32  0.24 -0.04 -0.32 -0.    0.09 -0.
  -0.   -0.   -0.02 -0.06 -0.01 -0.01 -1.54 -0.02 -0.07 -0.14 -0.1   0.02
  -0.   -0.   -0.    0.08 -0.02 -0.   -0.   -0.   -0.   -0.   -0.06 -0.04
  -0.03 -0.11  0.02 -0.04  0.01 -0.   -0.    0.52 -0.    0.   -0.    0.1
  -0.   -0.11 -3.   -0.   -0.   -0.   -0.    0.7  -0.13  0.36 -0.   -0.
   0.58 -0.01 -0.   -0.   -0.    0.14 -0.01 -0.   -0.01 -0.   -0.   -0.85
   0.08  0.1   0.14 -0.36 -0.12 -0.    0.06  0.02 -0.03 -0.   -0.    0.22
  -0.02 -0.36 -0.04 -0.   -0.03 -0.04 -0.   -0.   -0.27 -0.   -0.   -0.
  -0.    0.24 -0.01 -0.    0.2  -0.   -0.   -0.31]]

After Decoder Layer 6 (first 5 rows):
[[0.   0.   0.   0.   0.   0.   0.   0.06 0.   0.   0.   0.   0.   0.
  0.07 0.   0.   0.27 0.   0.13 0.   0.09 0.   0.   0.   0.   0.   0.
  0.   0.14 0.07 0.   0.04 0.   0.   0.   0.   0.   0.   0.   0.   0.
  0.   0.   0.   0.   0.   0.06 0.   0.   0.   0.   0.   0.   0.   0.
  0.   0.   0.   0.   0.   0.01 0.05 0.   0.06 0.   0.   0.   0.   0.
  0.   0.   0.   0.   0.   0.   0.   0.   0.   0.   0.   0.7  0.   0.
  0.9  0.   0.   0.   0.   0.21 0.   0.   0.   0.   0.   0.55 0.15 0.01
  0.16 0.06 0.03 0.   0.   0.06 0.45 0.   0.   0.42 0.   0.07 0.   0.
  0.   0.   0.   0.   0.04 0.   0.   0.   0.   0.45 0.   0.   0.   0.
  0.   0.04]
 [0.   0.   0.   0.   0.06 0.   0.   0.2  0.02 0.   0.   0.   0.   0.
  0.07 0.   0.   0.11 0.   0.08 0.   0.06 0.   0.   0.   0.   0.   0.
  0.   0.   0.24 0.   0.   0.   0.09 0.   0.   0.   0.   0.   0.   0.
  0.   0.   0.   0.   0.   0.02 0.   0.   0.   0.08 0.   0.   0.   0.
  0.   0.   0.   0.   0.   0.   0.02 0.   0.01 0.   0.   0.52 0.   0.
  0.   0.1  0.   0.   0.   0.   0.   0.   0.   0.7  0.   0.36 0.   0.
  0.58 0.   0.   0.   0.   0.14 0.   0.   0.   0.   0.   0.   0.08 0.1
  0.14 0.   0.   0.   0.06 0.02 0.   0.   0.   0.22 0.   0.   0.   0.
  0.   0.   0.   0.   0.   0.   0.   0.   0.   0.24 0.   0.   0.2  0.
  0.   0.  ]]

After Decoder Layer 7 (first 5 rows):
[[ 0.25  0.14  0.16  0.16  0.18  0.18  0.16  0.14  0.16  0.18  0.18  0.14
   0.16  0.15  0.18  0.2   0.2   0.18  0.18  0.15  0.16  0.13  0.18  0.15
   0.15  0.18  0.17  0.14  0.14  0.15  0.17  0.14  0.16  0.16  0.16  0.16
   0.15  0.16  0.16  0.16  0.14  0.16  0.15  0.19  0.15  0.16  0.16  0.16
   0.14  0.16  0.15  0.16  0.16  0.15  0.13  0.18  0.16  0.16  0.17  0.14
   0.14  0.15  0.14  0.15  0.13  0.16  0.17  0.16  0.15  0.14  0.18  0.18
   0.18  0.16  0.17  0.17  0.17  0.17  0.19  0.19  0.15  0.15  0.15  0.15
   0.16  0.15  0.17  0.16  0.13  0.14  0.12  0.11  0.11  0.07  0.07  0.06
   0.04  0.04  0.02  0.01  0.25  0.15  0.16  0.18  0.15  0.16  0.18  0.18
   0.14  0.13  0.16  0.15  0.17  0.16  0.14  0.15  0.15  0.17  0.18  0.17
   0.18  0.17  0.16  0.15  0.15  0.13  0.15  0.19  0.18  0.18  0.16  0.14
   0.16  0.18  0.17  0.15  0.18  0.17  0.14  0.14  0.16  0.16  0.16  0.17
   0.17  0.17  0.16  0.16  0.15  0.18  0.16  0.13  0.15  0.15  0.16  0.15
   0.15  0.17  0.17  0.19  0.15  0.19  0.2   0.18  0.19  0.16  0.16  0.19
   0.15  0.15  0.17  0.18  0.14  0.17  0.17  0.17  0.15  0.19  0.15  0.15
   0.16  0.17  0.17  0.13  0.19  0.17  0.13  0.14  0.15  0.13  0.09  0.1
   0.1   0.08  0.07  0.06  0.04  0.04  0.03  0.02  0.24  0.33  0.33  0.35
   0.33  0.32  0.31  0.31  0.33  0.33  0.33  0.33  0.32  0.33  0.35  0.32
   0.32  0.33  0.3   0.31  0.33  0.34  0.35  0.34  0.34  0.35  0.34  0.32
   0.34  0.35  0.33  0.34  0.33  0.33  0.36  0.31  0.33  0.31  0.35  0.35
   0.35  0.34  0.33  0.33  0.32  0.32  0.33  0.33  0.33  0.31  0.32  0.31
   0.33  0.33  0.34  0.33  0.34  0.33  0.34  0.35  0.35  0.34  0.31  0.33
   0.35  0.35  0.32  0.3   0.32  0.33  0.31  0.31  0.33  0.33  0.29  0.31
   0.32  0.29  0.33  0.31  0.33  0.34  0.3   0.35  0.31  0.27  0.3   0.24
   0.26  0.22  0.23  0.17  0.15  0.15  0.13  0.11  0.07  0.07  0.05  0.02
   0.25  0.36  0.34  0.31  0.34  0.32  0.34  0.35  0.36  0.36  0.32  0.36
   0.33  0.35  0.33  0.33  0.32  0.32  0.34  0.36  0.32  0.36  0.31  0.35
   0.34  0.33  0.33  0.34  0.34  0.32  0.32  0.37  0.34  0.33  0.3   0.36
   0.34  0.35  0.34  0.34  0.34  0.32  0.35  0.3   0.35  0.35  0.34  0.35
   0.36  0.34  0.36  0.39  0.36  0.37  0.36  0.33  0.34  0.34  0.32  0.31
   0.36  0.32  0.34  0.33  0.34  0.32  0.35  0.35  0.37  0.37  0.33  0.31
   0.33  0.31  0.36  0.33  0.34  0.33  0.31  0.33  0.33  0.32  0.37  0.36
   0.3   0.32  0.26  0.27  0.22  0.23  0.2   0.21  0.17  0.16  0.14  0.11
   0.1   0.06  0.04  0.01  0.    0.    0.   -0.   -0.    0.   -0.   -0.
  -0.   -0.    0.   -0.   -0.    0.   -0.    0.   -0.    0.   -0.   -0.
   0.   -0.   -0.    0.    0.   -0.    0.    0.    0.    0.   -0.    0.
  -0.    0.   -0.   -0.   -0.    0.    0.    0.    0.    0.    0.   -0.
  -0.    0.   -0.   -0.    0.    0.   -0.    0.   -0.    0.    0.    0.
   0.    0.    0.    0.    0.    0.    0.    0.   -0.    0.   -0.    0.
  -0.    0.    0.    0.    0.   -0.   -0.   -0.   -0.    0.   -0.   -0.
  -0.    0.   -0.    0.    0.    0.    0.   -0.    0.   -0.    0.    0.
   0.    0.    0.   -0.    0.   -0.   -0.    0.  ]
 [ 0.24  0.16  0.18  0.19  0.2   0.19  0.17  0.17  0.19  0.21  0.2   0.18
   0.19  0.17  0.21  0.19  0.2   0.19  0.19  0.18  0.18  0.17  0.18  0.18
   0.16  0.2   0.19  0.17  0.15  0.18  0.18  0.16  0.19  0.19  0.18  0.19
   0.17  0.19  0.18  0.2   0.17  0.19  0.17  0.2   0.19  0.18  0.17  0.16
   0.16  0.17  0.16  0.2   0.18  0.17  0.17  0.19  0.18  0.19  0.2   0.18
   0.17  0.19  0.15  0.16  0.13  0.13  0.12  0.09  0.08  0.05  0.05  0.04
   0.03  0.03  0.02  0.    0.01 -0.    0.01  0.    0.   -0.01 -0.02 -0.01
  -0.01 -0.   -0.01 -0.   -0.01 -0.01  0.    0.   -0.01  0.   -0.01 -0.
  -0.01 -0.    0.   -0.01  0.25  0.18  0.19  0.19  0.16  0.18  0.2   0.19
   0.18  0.16  0.19  0.17  0.17  0.17  0.16  0.17  0.19  0.19  0.2   0.19
   0.19  0.2   0.18  0.17  0.19  0.18  0.16  0.2   0.18  0.18  0.18  0.16
   0.18  0.19  0.18  0.16  0.17  0.17  0.16  0.18  0.18  0.17  0.19  0.17
   0.17  0.18  0.17  0.17  0.18  0.18  0.17  0.14  0.17  0.16  0.16  0.19
   0.17  0.18  0.19  0.2   0.18  0.17  0.19  0.16  0.16  0.12  0.11  0.11
   0.07  0.07  0.02  0.03  0.01  0.02  0.03  0.01  0.01  0.03  0.01 -0.
  -0.   -0.01 -0.   -0.   -0.01 -0.01 -0.01 -0.01 -0.    0.01 -0.01 -0.
  -0.    0.    0.    0.   -0.   -0.   -0.   -0.01  0.26  0.31  0.31  0.31
   0.31  0.29  0.31  0.3   0.3   0.29  0.3   0.3   0.3   0.31  0.31  0.3
   0.31  0.29  0.28  0.3   0.31  0.31  0.31  0.32  0.32  0.31  0.33  0.3
   0.32  0.32  0.3   0.31  0.29  0.3   0.3   0.3   0.31  0.31  0.33  0.3
   0.33  0.31  0.31  0.3   0.29  0.29  0.31  0.31  0.32  0.31  0.31  0.3
   0.31  0.33  0.34  0.31  0.34  0.32  0.31  0.33  0.32  0.3   0.29  0.28
   0.27  0.24  0.18  0.15  0.14  0.11  0.08  0.05  0.05  0.04  0.02  0.05
   0.03  0.02  0.01 -0.    0.    0.01 -0.   -0.   -0.   -0.01 -0.   -0.01
   0.   -0.01 -0.   -0.01 -0.   -0.01 -0.   -0.    0.   -0.01 -0.   -0.
   0.24  0.32  0.3   0.3   0.31  0.31  0.31  0.32  0.31  0.33  0.3   0.32
   0.32  0.32  0.3   0.32  0.29  0.31  0.31  0.32  0.29  0.3   0.31  0.31
   0.3   0.29  0.3   0.31  0.32  0.3   0.32  0.34  0.33  0.29  0.31  0.32
   0.32  0.3   0.3   0.3   0.31  0.31  0.31  0.31  0.32  0.32  0.32  0.34
   0.31  0.3   0.33  0.35  0.33  0.34  0.32  0.33  0.33  0.33  0.33  0.3
   0.33  0.3   0.29  0.27  0.25  0.22  0.21  0.18  0.15  0.12  0.08  0.04
   0.05  0.04  0.04  0.03  0.02  0.    0.    0.01 -0.02 -0.02 -0.01 -0.01
  -0.01 -0.01 -0.01  0.   -0.01  0.   -0.   -0.   -0.   -0.01 -0.   -0.
   0.   -0.   -0.01 -0.    0.   -0.    0.   -0.   -0.    0.    0.   -0.
   0.    0.    0.   -0.   -0.    0.    0.   -0.   -0.    0.   -0.   -0.
   0.   -0.   -0.    0.    0.   -0.    0.    0.    0.   -0.   -0.    0.
  -0.    0.   -0.   -0.    0.    0.    0.   -0.    0.   -0.    0.    0.
  -0.   -0.   -0.    0.    0.    0.    0.    0.   -0.    0.    0.    0.
   0.   -0.    0.    0.    0.    0.    0.    0.   -0.   -0.    0.    0.
   0.    0.    0.    0.    0.   -0.   -0.   -0.   -0.   -0.   -0.   -0.
  -0.    0.   -0.    0.    0.    0.   -0.   -0.    0.   -0.    0.   -0.
   0.    0.    0.   -0.   -0.   -0.    0.    0.  ]]

Output (Decoded) (first 5 rows):
[[ 0.25  0.14  0.16  0.16  0.18  0.18  0.16  0.14  0.16  0.18  0.18  0.14
   0.16  0.15  0.18  0.2   0.2   0.18  0.18  0.15  0.16  0.13  0.18  0.15
   0.15  0.18  0.17  0.14  0.14  0.15  0.17  0.14  0.16  0.16  0.16  0.16
   0.15  0.16  0.16  0.16  0.14  0.16  0.15  0.19  0.15  0.16  0.16  0.16
   0.14  0.16  0.15  0.16  0.16  0.15  0.13  0.18  0.16  0.16  0.17  0.14
   0.14  0.15  0.14  0.15  0.13  0.16  0.17  0.16  0.15  0.14  0.18  0.18
   0.18  0.16  0.17  0.17  0.17  0.17  0.19  0.19  0.15  0.15  0.15  0.15
   0.16  0.15  0.17  0.16  0.13  0.14  0.12  0.11  0.11  0.07  0.07  0.06
   0.04  0.04  0.02  0.01  0.25  0.15  0.16  0.18  0.15  0.16  0.18  0.18
   0.14  0.13  0.16  0.15  0.17  0.16  0.14  0.15  0.15  0.17  0.18  0.17
   0.18  0.17  0.16  0.15  0.15  0.13  0.15  0.19  0.18  0.18  0.16  0.14
   0.16  0.18  0.17  0.15  0.18  0.17  0.14  0.14  0.16  0.16  0.16  0.17
   0.17  0.17  0.16  0.16  0.15  0.18  0.16  0.13  0.15  0.15  0.16  0.15
   0.15  0.17  0.17  0.19  0.15  0.19  0.2   0.18  0.19  0.16  0.16  0.19
   0.15  0.15  0.17  0.18  0.14  0.17  0.17  0.17  0.15  0.19  0.15  0.15
   0.16  0.17  0.17  0.13  0.19  0.17  0.13  0.14  0.15  0.13  0.09  0.1
   0.1   0.08  0.07  0.06  0.04  0.04  0.03  0.02  0.24  0.33  0.33  0.35
   0.33  0.32  0.31  0.31  0.33  0.33  0.33  0.33  0.32  0.33  0.35  0.32
   0.32  0.33  0.3   0.31  0.33  0.34  0.35  0.34  0.34  0.35  0.34  0.32
   0.34  0.35  0.33  0.34  0.33  0.33  0.36  0.31  0.33  0.31  0.35  0.35
   0.35  0.34  0.33  0.33  0.32  0.32  0.33  0.33  0.33  0.31  0.32  0.31
   0.33  0.33  0.34  0.33  0.34  0.33  0.34  0.35  0.35  0.34  0.31  0.33
   0.35  0.35  0.32  0.3   0.32  0.33  0.31  0.31  0.33  0.33  0.29  0.31
   0.32  0.29  0.33  0.31  0.33  0.34  0.3   0.35  0.31  0.27  0.3   0.24
   0.26  0.22  0.23  0.17  0.15  0.15  0.13  0.11  0.07  0.07  0.05  0.02
   0.25  0.36  0.34  0.31  0.34  0.32  0.34  0.35  0.36  0.36  0.32  0.36
   0.33  0.35  0.33  0.33  0.32  0.32  0.34  0.36  0.32  0.36  0.31  0.35
   0.34  0.33  0.33  0.34  0.34  0.32  0.32  0.37  0.34  0.33  0.3   0.36
   0.34  0.35  0.34  0.34  0.34  0.32  0.35  0.3   0.35  0.35  0.34  0.35
   0.36  0.34  0.36  0.39  0.36  0.37  0.36  0.33  0.34  0.34  0.32  0.31
   0.36  0.32  0.34  0.33  0.34  0.32  0.35  0.35  0.37  0.37  0.33  0.31
   0.33  0.31  0.36  0.33  0.34  0.33  0.31  0.33  0.33  0.32  0.37  0.36
   0.3   0.32  0.26  0.27  0.22  0.23  0.2   0.21  0.17  0.16  0.14  0.11
   0.1   0.06  0.04  0.01  0.    0.    0.   -0.   -0.    0.   -0.   -0.
  -0.   -0.    0.   -0.   -0.    0.   -0.    0.   -0.    0.   -0.   -0.
   0.   -0.   -0.    0.    0.   -0.    0.    0.    0.    0.   -0.    0.
  -0.    0.   -0.   -0.   -0.    0.    0.    0.    0.    0.    0.   -0.
  -0.    0.   -0.   -0.    0.    0.   -0.    0.   -0.    0.    0.    0.
   0.    0.    0.    0.    0.    0.    0.    0.   -0.    0.   -0.    0.
  -0.    0.    0.    0.    0.   -0.   -0.   -0.   -0.    0.   -0.   -0.
  -0.    0.   -0.    0.    0.    0.    0.   -0.    0.   -0.    0.    0.
   0.    0.    0.   -0.    0.   -0.   -0.    0.  ]
 [ 0.24  0.16  0.18  0.19  0.2   0.19  0.17  0.17  0.19  0.21  0.2   0.18
   0.19  0.17  0.21  0.19  0.2   0.19  0.19  0.18  0.18  0.17  0.18  0.18
   0.16  0.2   0.19  0.17  0.15  0.18  0.18  0.16  0.19  0.19  0.18  0.19
   0.17  0.19  0.18  0.2   0.17  0.19  0.17  0.2   0.19  0.18  0.17  0.16
   0.16  0.17  0.16  0.2   0.18  0.17  0.17  0.19  0.18  0.19  0.2   0.18
   0.17  0.19  0.15  0.16  0.13  0.13  0.12  0.09  0.08  0.05  0.05  0.04
   0.03  0.03  0.02  0.    0.01 -0.    0.01  0.    0.   -0.01 -0.02 -0.01
  -0.01 -0.   -0.01 -0.   -0.01 -0.01  0.    0.   -0.01  0.   -0.01 -0.
  -0.01 -0.    0.   -0.01  0.25  0.18  0.19  0.19  0.16  0.18  0.2   0.19
   0.18  0.16  0.19  0.17  0.17  0.17  0.16  0.17  0.19  0.19  0.2   0.19
   0.19  0.2   0.18  0.17  0.19  0.18  0.16  0.2   0.18  0.18  0.18  0.16
   0.18  0.19  0.18  0.16  0.17  0.17  0.16  0.18  0.18  0.17  0.19  0.17
   0.17  0.18  0.17  0.17  0.18  0.18  0.17  0.14  0.17  0.16  0.16  0.19
   0.17  0.18  0.19  0.2   0.18  0.17  0.19  0.16  0.16  0.12  0.11  0.11
   0.07  0.07  0.02  0.03  0.01  0.02  0.03  0.01  0.01  0.03  0.01 -0.
  -0.   -0.01 -0.   -0.   -0.01 -0.01 -0.01 -0.01 -0.    0.01 -0.01 -0.
  -0.    0.    0.    0.   -0.   -0.   -0.   -0.01  0.26  0.31  0.31  0.31
   0.31  0.29  0.31  0.3   0.3   0.29  0.3   0.3   0.3   0.31  0.31  0.3
   0.31  0.29  0.28  0.3   0.31  0.31  0.31  0.32  0.32  0.31  0.33  0.3
   0.32  0.32  0.3   0.31  0.29  0.3   0.3   0.3   0.31  0.31  0.33  0.3
   0.33  0.31  0.31  0.3   0.29  0.29  0.31  0.31  0.32  0.31  0.31  0.3
   0.31  0.33  0.34  0.31  0.34  0.32  0.31  0.33  0.32  0.3   0.29  0.28
   0.27  0.24  0.18  0.15  0.14  0.11  0.08  0.05  0.05  0.04  0.02  0.05
   0.03  0.02  0.01 -0.    0.    0.01 -0.   -0.   -0.   -0.01 -0.   -0.01
   0.   -0.01 -0.   -0.01 -0.   -0.01 -0.   -0.    0.   -0.01 -0.   -0.
   0.24  0.32  0.3   0.3   0.31  0.31  0.31  0.32  0.31  0.33  0.3   0.32
   0.32  0.32  0.3   0.32  0.29  0.31  0.31  0.32  0.29  0.3   0.31  0.31
   0.3   0.29  0.3   0.31  0.32  0.3   0.32  0.34  0.33  0.29  0.31  0.32
   0.32  0.3   0.3   0.3   0.31  0.31  0.31  0.31  0.32  0.32  0.32  0.34
   0.31  0.3   0.33  0.35  0.33  0.34  0.32  0.33  0.33  0.33  0.33  0.3
   0.33  0.3   0.29  0.27  0.25  0.22  0.21  0.18  0.15  0.12  0.08  0.04
   0.05  0.04  0.04  0.03  0.02  0.    0.    0.01 -0.02 -0.02 -0.01 -0.01
  -0.01 -0.01 -0.01  0.   -0.01  0.   -0.   -0.   -0.   -0.01 -0.   -0.
   0.   -0.   -0.01 -0.    0.   -0.    0.   -0.   -0.    0.    0.   -0.
   0.    0.    0.   -0.   -0.    0.    0.   -0.   -0.    0.   -0.   -0.
   0.   -0.   -0.    0.    0.   -0.    0.    0.    0.   -0.   -0.    0.
  -0.    0.   -0.   -0.    0.    0.    0.   -0.    0.   -0.    0.    0.
  -0.   -0.   -0.    0.    0.    0.    0.    0.   -0.    0.    0.    0.
   0.   -0.    0.    0.    0.    0.    0.    0.   -0.   -0.    0.    0.
   0.    0.    0.    0.    0.   -0.   -0.   -0.   -0.   -0.   -0.   -0.
  -0.    0.   -0.    0.    0.    0.   -0.   -0.    0.   -0.    0.   -0.
   0.    0.    0.   -0.   -0.   -0.    0.    0.  ]]
