Input Vector (first 5 rows):
[[0. 1. 0. 0. 0. 0. 0. 0. 0. 0. 0. 0. 0. 0. 0. 1. 0. 0. 0. 0. 0. 0. 0. 0.
  0. 0. 0. 0. 0. 0. 0. 0. 0. 0. 0. 0. 0. 0. 0. 0. 0. 0. 0. 0. 0. 0. 0. 0.
  0. 0. 0. 0. 1. 0. 0. 0. 0. 0. 0. 0. 0. 0. 0. 0. 0. 0. 0. 0. 0. 0. 0. 0.
  0. 0. 0. 0. 0. 0. 0. 0. 0. 0. 0. 0. 0. 0. 0. 0. 0. 0. 0. 0. 0. 0. 0. 0.
  0. 0. 0. 0. 0. 0. 0. 0. 0. 1. 0. 0. 0. 0. 0. 0. 1. 0. 0. 0. 0. 0. 1. 0.
  0. 0. 0. 1. 1. 0. 1. 0. 0. 0. 0. 0. 1. 1. 0. 0. 0. 1. 1. 0. 1. 0. 0. 0.
  1. 0. 0. 0. 0. 0. 0. 0. 0. 0. 0. 0. 0. 0. 0. 0. 0. 0. 0. 0. 0. 0. 0. 0.
  0. 0. 0. 0. 0. 0. 0. 0. 0. 0. 0. 0. 0. 0. 0. 0. 0. 0. 0. 0. 0. 0. 0. 0.
  0. 0. 0. 0. 0. 0. 0. 0. 0. 0. 0. 0. 0. 0. 1. 0. 0. 1. 0. 0. 0. 1. 1. 0.
  1. 1. 0. 0. 0. 1. 0. 0. 0. 1. 0. 0. 1. 0. 0. 1. 0. 0. 1. 1. 1. 0. 0. 1.
  0. 0. 0. 0. 0. 0. 0. 0. 0. 1. 0. 1. 0. 0. 0. 0. 0. 0. 0. 0. 0. 0. 0. 0.
  0. 0. 0. 0. 0. 0. 0. 0. 0. 0. 0. 0. 0. 0. 0. 0. 0. 0. 0. 0. 0. 0. 0. 0.
  0. 0. 0. 0. 0. 0. 0. 0. 0. 0. 0. 0. 1. 0. 1. 1. 1. 0. 0. 1. 1. 0. 1. 1.
  0. 0. 0. 0. 0. 0. 0. 1. 1. 0. 1. 0. 0. 0. 0. 1. 0. 1. 1. 0. 0. 0. 0. 0.
  0. 0. 0. 0. 0. 1. 1. 1. 0. 1. 1. 1. 1. 0. 1. 0. 0. 1. 0. 0. 0. 0. 0. 0.
  0. 0. 0. 0. 0. 0. 0. 0. 0. 0. 0. 0. 0. 0. 0. 0. 0. 0. 0. 0. 0. 0. 0. 0.
  0. 0. 0. 0. 0. 0. 0. 0. 0. 0. 0. 0. 0. 0. 0. 0. 0. 0. 0. 0. 0. 0. 0. 0.
  0. 0. 0. 0. 0. 0. 0. 0. 0. 0. 0. 0. 0. 0. 0. 0. 0. 0. 0. 0. 0. 0. 0. 0.
  0. 0. 0. 0. 0. 0. 0. 0. 0. 0. 0. 0. 0. 0. 0. 0. 0. 0. 0. 0. 0. 0. 0. 0.
  0. 0. 0. 0. 0. 0. 0. 0. 0. 0. 0. 0. 0. 0. 0. 0. 0. 0. 0. 0. 0. 0. 0. 0.
  0. 0. 0. 0. 0. 0. 0. 0. 0. 0. 0. 0. 0. 0. 0. 0. 0. 0. 0. 0.]
 [0. 0. 1. 0. 0. 0. 0. 0. 0. 0. 0. 0. 0. 0. 0. 0. 1. 0. 1. 0. 0. 1. 0. 0.
  0. 1. 0. 0. 0. 0. 0. 0. 1. 0. 0. 0. 1. 1. 0. 1. 0. 0. 0. 0. 0. 1. 1. 0.
  0. 0. 0. 0. 0. 0. 0. 0. 0. 0. 0. 1. 0. 1. 0. 0. 1. 0. 0. 0. 0. 0. 0. 0.
  0. 0. 0. 0. 0. 0. 0. 0. 0. 1. 0. 0. 0. 0. 0. 0. 0. 0. 0. 0. 0. 0. 0. 0.
  0. 0. 0. 0. 1. 0. 0. 0. 0. 0. 1. 0. 0. 0. 1. 0. 0. 0. 0. 0. 0. 0. 0. 0.
  1. 0. 1. 0. 0. 0. 0. 0. 0. 0. 0. 0. 0. 0. 0. 1. 0. 0. 0. 0. 0. 0. 0. 0.
  0. 0. 0. 0. 0. 0. 0. 0. 1. 1. 0. 0. 0. 1. 0. 0. 0. 0. 0. 0. 0. 0. 0. 0.
  0. 0. 0. 1. 1. 0. 0. 0. 0. 0. 1. 0. 0. 0. 0. 1. 0. 0. 0. 0. 0. 0. 0. 0.
  0. 0. 0. 0. 0. 0. 0. 0. 0. 1. 0. 0. 1. 1. 0. 0. 1. 1. 0. 1. 1. 0. 0. 1.
  0. 0. 0. 1. 0. 0. 0. 1. 0. 0. 0. 1. 0. 0. 0. 1. 0. 1. 1. 0. 0. 0. 0. 0.
  1. 0. 1. 0. 0. 0. 0. 0. 0. 1. 1. 0. 0. 0. 1. 0. 1. 0. 0. 0. 0. 0. 0. 1.
  0. 0. 1. 1. 0. 0. 0. 0. 0. 1. 0. 0. 0. 0. 0. 0. 0. 0. 0. 0. 0. 1. 1. 0.
  0. 0. 0. 0. 0. 0. 0. 0. 0. 0. 0. 0. 0. 0. 0. 1. 0. 0. 0. 1. 0. 0. 0. 0.
  0. 1. 1. 0. 0. 1. 0. 0. 0. 0. 0. 0. 1. 0. 1. 0. 1. 1. 1. 0. 0. 0. 0. 0.
  0. 0. 1. 0. 0. 1. 0. 1. 1. 0. 0. 1. 1. 0. 0. 1. 0. 0. 0. 1. 0. 0. 1. 0.
  1. 0. 1. 0. 0. 1. 0. 0. 1. 1. 1. 0. 0. 0. 1. 1. 1. 1. 0. 1. 1. 0. 1. 0.
  1. 0. 0. 0. 0. 0. 0. 0. 0. 0. 0. 0. 0. 0. 0. 0. 0. 0. 0. 0. 0. 0. 0. 0.
  0. 0. 0. 0. 0. 0. 0. 0. 0. 0. 0. 0. 0. 0. 0. 0. 0. 0. 0. 0. 0. 0. 0. 0.
  0. 0. 0. 0. 0. 0. 0. 0. 0. 0. 0. 0. 0. 0. 0. 0. 0. 0. 0. 0. 0. 0. 0. 0.
  0. 0. 0. 0. 0. 0. 0. 0. 0. 0. 0. 0. 0. 0. 0. 0. 0. 0. 0. 0. 0. 0. 0. 0.
  0. 0. 0. 0. 0. 0. 0. 0. 0. 0. 0. 0. 0. 0. 0. 0. 0. 0. 0. 0.]]

After Encoder Layer 1 (first 5 rows):
[[-0.   -0.   -0.   -0.   -0.   -0.    0.18  0.14 -0.04 -0.    0.54 -0.
   0.13 -0.    0.28  0.43 -0.    0.41  0.65  0.    0.17 -0.   -0.   -0.
  -0.    0.6  -0.    0.27 -0.    1.34  0.26 -0.   -0.   -0.   -0.   -0.
  -0.   -0.    0.54 -0.01 -0.   -0.   -0.   -0.   -0.   -0.    0.12  0.09
   0.55  0.16  0.19 -0.    0.24  0.37 -0.06 -0.    0.3  -0.   -0.    0.
   1.26 -0.    0.1  -0.01 -0.   -0.    0.05 -0.   -0.   -0.   -0.   -0.15
   0.83 -0.07  0.19  0.04  0.19  0.07 -0.   -0.    0.89  0.11  0.65 -0.
  -0.    0.2  -0.   -0.   -0.   -0.    0.1  -0.    0.71 -0.    0.47  0.15
   0.41  0.47  0.08  0.09  0.12 -0.25  0.17  0.87  0.16 -0.   -0.    0.
  -0.   -0.    0.87  0.    0.31  0.87 -0.    0.93  0.52  0.61  0.42  0.
  -0.2  -0.   -0.   -0.05  0.    0.02 -0.   -0.  ]
 [-0.   -0.   -0.   -0.   -0.   -0.    0.34  0.26  0.01 -0.    1.8  -0.
   0.25 -0.    0.33  0.45 -0.    0.44  1.62  0.    1.09 -0.   -0.   -0.
  -0.    0.64 -0.   -0.26 -0.    1.32  1.24 -0.   -0.   -0.   -0.   -0.
  -0.   -0.    0.56 -0.01 -0.   -0.   -0.   -0.   -0.   -0.    0.14  0.16
   0.31 -0.34  0.3  -0.    0.26  0.66 -0.02 -0.    0.26 -0.   -0.    0.
  -0.01 -0.    0.2   0.08 -0.   -0.    0.06 -0.   -0.   -0.   -0.    0.7
  -0.28 -0.1   0.22  0.08  0.36  0.08 -0.   -0.    1.76  0.13  1.89 -0.
  -0.    0.23 -0.   -0.   -0.   -0.    0.13 -0.    0.74 -0.    1.72  0.18
   0.9   0.5   0.1   0.15  0.15 -0.1   0.31  0.87  0.22 -0.   -0.    0.
  -0.   -0.    0.92  0.    0.37  0.91  0.    0.98  1.6   1.54  0.45  0.
   0.65 -0.   -0.    0.   -0.    0.01 -0.   -0.  ]]

After Encoder Layer 2 (first 5 rows):
[[0.   0.   0.   0.   0.   0.   0.18 0.14 0.   0.   0.54 0.   0.13 0.
  0.28 0.43 0.   0.41 0.65 0.   0.17 0.   0.   0.   0.   0.6  0.   0.27
  0.   1.34 0.26 0.   0.   0.   0.   0.   0.   0.   0.54 0.   0.   0.
  0.   0.   0.   0.   0.12 0.09 0.55 0.16 0.19 0.   0.24 0.37 0.   0.
  0.3  0.   0.   0.   1.26 0.   0.1  0.   0.   0.   0.05 0.   0.   0.
  0.   0.   0.83 0.   0.19 0.04 0.19 0.07 0.   0.   0.89 0.11 0.65 0.
  0.   0.2  0.   0.   0.   0.   0.1  0.   0.71 0.   0.47 0.15 0.41 0.47
  0.08 0.09 0.12 0.   0.17 0.87 0.16 0.   0.   0.   0.   0.   0.87 0.
  0.31 0.87 0.   0.93 0.52 0.61 0.42 0.   0.   0.   0.   0.   0.   0.02
  0.   0.  ]
 [0.   0.   0.   0.   0.   0.   0.34 0.26 0.01 0.   1.8  0.   0.25 0.
  0.33 0.45 0.   0.44 1.62 0.   1.09 0.   0.   0.   0.   0.64 0.   0.
  0.   1.32 1.24 0.   0.   0.   0.   0.   0.   0.   0.56 0.   0.   0.
  0.   0.   0.   0.   0.14 0.16 0.31 0.   0.3  0.   0.26 0.66 0.   0.
  0.26 0.   0.   0.   0.   0.   0.2  0.08 0.   0.   0.06 0.   0.   0.
  0.   0.7  0.   0.   0.22 0.08 0.36 0.08 0.   0.   1.76 0.13 1.89 0.
  0.   0.23 0.   0.   0.   0.   0.13 0.   0.74 0.   1.72 0.18 0.9  0.5
  0.1  0.15 0.15 0.   0.31 0.87 0.22 0.   0.   0.   0.   0.   0.92 0.
  0.37 0.91 0.   0.98 1.6  1.54 0.45 0.   0.65 0.   0.   0.   0.   0.01
  0.   0.  ]]

After Encoder Layer 3 (first 5 rows):
[[ 0.49  0.18 -0.   -0.01  0.64 -0.    0.45  0.95  0.27  0.37  0.41 -0.
   1.28  0.43  1.13  1.06  0.44  0.29 -0.    0.33  0.48  0.01  0.39  0.57
  -0.    0.33  0.35  0.17  0.21 -0.    0.2   0.5   0.8  -0.   -0.    0.91
   0.29  1.    0.12  0.47  0.53 -0.   -0.    0.78 -0.    0.29 -0.   -0.
  -0.    0.57  1.16  0.33 -0.    0.39  0.45  0.87 -0.    0.82  1.06 -0.
  -0.   -0.   -0.   -0.  ]
 [ 1.52  0.9  -0.    0.08  0.27 -0.    1.48  0.25  0.39  0.19  1.39 -0.
   2.2   0.21  2.37  0.23  0.35  1.13 -0.    1.27  1.43  0.01  1.41  1.73
  -0.    0.13  1.38  0.88  0.88 -0.    0.84  1.55  1.7  -0.   -0.    1.73
   0.26  0.15  0.57  1.75  0.16 -0.   -0.    0.09 -0.    1.07 -0.   -0.
  -0.    1.99  2.28  1.06 -0.    1.37  1.6   0.19  0.    0.1   0.95 -0.
  -0.   -0.   -0.   -0.  ]]

After Encoder Layer 4 (first 5 rows):
[[0.49 0.18 0.   0.   0.64 0.   0.45 0.95 0.27 0.37 0.41 0.   1.28 0.43
  1.13 1.06 0.44 0.29 0.   0.33 0.48 0.01 0.39 0.57 0.   0.33 0.35 0.17
  0.21 0.   0.2  0.5  0.8  0.   0.   0.91 0.29 1.   0.12 0.47 0.53 0.
  0.   0.78 0.   0.29 0.   0.   0.   0.57 1.16 0.33 0.   0.39 0.45 0.87
  0.   0.82 1.06 0.   0.   0.   0.   0.  ]
 [1.52 0.9  0.   0.08 0.27 0.   1.48 0.25 0.39 0.19 1.39 0.   2.2  0.21
  2.37 0.23 0.35 1.13 0.   1.27 1.43 0.01 1.41 1.73 0.   0.13 1.38 0.88
  0.88 0.   0.84 1.55 1.7  0.   0.   1.73 0.26 0.15 0.57 1.75 0.16 0.
  0.   0.09 0.   1.07 0.   0.   0.   1.99 2.28 1.06 0.   1.37 1.6  0.19
  0.   0.1  0.95 0.   0.   0.   0.   0.  ]]

After Encoder Layer 5 (first 5 rows):
[[ 2.6   0.74  1.44  0.82 -0.    1.84  0.71  1.85  0.55  1.   -0.    0.28]
 [ 0.35  2.08  4.02  0.11 -0.    5.84  0.34  5.82  3.09  0.24 -0.01 -0.04]]

After Encoder Layer 6 (first 5 rows):
[[2.6  0.74 1.44 0.82 0.   1.84 0.71 1.85 0.55 1.   0.   0.28]
 [0.35 2.08 4.02 0.11 0.   5.84 0.34 5.82 3.09 0.24 0.   0.  ]]

After Encoder Layer 7 (first 5 rows):
[[-0.22  0.98]
 [-5.47 -3.82]]

Latent Representation (first 5 rows):
[[-0.22  0.98]
 [-5.47 -3.82]
 [ 2.05  1.35]
 [-0.87  0.53]
 [-0.17  0.71]
 [-2.42 -1.12]
 [-2.14 -2.07]
 [-4.91 -4.95]
 [ 2.67  2.28]
 [-0.36 -0.03]]

After Decoder Layer 1 (first 5 rows):
[[ 0.08  0.03  0.41  0.35 -0.7   0.99  0.94  0.13  1.5   0.45 -1.1  -0.82]
 [ 0.33  0.37 -0.62 -6.21  0.11 -4.5   3.14  3.77  1.45  1.95  3.24  3.74]]

After Decoder Layer 2 (first 5 rows):
[[0.08 0.03 0.41 0.35 0.   0.99 0.94 0.13 1.5  0.45 0.   0.  ]
 [0.33 0.37 0.   0.   0.11 0.   3.14 3.77 1.45 1.95 3.24 3.74]]

After Decoder Layer 3 (first 5 rows):
[[-0.05 -0.36 -0.03  0.12 -0.    0.54  0.36 -0.66 -0.    0.65  0.71 -0.
   0.55  0.76  0.73  0.26  0.17  0.2   0.09  0.17 -0.01 -0.    0.2  -0.28
   0.64 -0.    0.16 -0.16 -0.04 -0.    0.54 -0.71  0.22  0.88  0.66  0.75
  -0.11  0.74 -0.16  0.18 -0.05 -0.13  0.35  0.2  -0.    0.62  0.51 -0.09
  -0.13  0.05  0.27  0.61  0.37 -0.48 -1.25 -0.    0.57  0.13  0.11 -0.
  -0.36 -0.55  0.34 -0.15]
 [-0.01 -0.05 -0.36  0.42 -0.    0.42  0.16  1.32 -0.   -1.59 -1.35 -0.
   1.18  0.66  0.83 -0.66  0.17 -0.89  0.28  0.49 -0.01 -0.    0.02 -0.11
   0.57 -0.    0.49 -0.25  0.82 -0.   -0.03 -2.14  0.01 -0.16  0.79  1.18
   1.86  0.08 -0.25  0.11 -0.06 -0.06  0.14  0.02 -0.   -2.1  -1.37  1.63
   0.45  0.12  0.08  0.58  0.25  2.2   1.04 -0.    0.23  1.17  0.91 -0.
  -1.57  0.71  0.04  2.88]]

After Decoder Layer 4 (first 5 rows):
[[0.   0.   0.   0.12 0.   0.54 0.36 0.   0.   0.65 0.71 0.   0.55 0.76
  0.73 0.26 0.17 0.2  0.09 0.17 0.   0.   0.2  0.   0.64 0.   0.16 0.
  0.   0.   0.54 0.   0.22 0.88 0.66 0.75 0.   0.74 0.   0.18 0.   0.
  0.35 0.2  0.   0.62 0.51 0.   0.   0.05 0.27 0.61 0.37 0.   0.   0.
  0.57 0.13 0.11 0.   0.   0.   0.34 0.  ]
 [0.   0.   0.   0.42 0.   0.42 0.16 1.32 0.   0.   0.   0.   1.18 0.66
  0.83 0.   0.17 0.   0.28 0.49 0.   0.   0.02 0.   0.57 0.   0.49 0.
  0.82 0.   0.   0.   0.01 0.   0.79 1.18 1.86 0.08 0.   0.11 0.   0.
  0.14 0.02 0.   0.   0.   1.63 0.45 0.12 0.08 0.58 0.25 2.2  1.04 0.
  0.23 1.17 0.91 0.   0.   0.71 0.04 2.88]]

After Decoder Layer 5 (first 5 rows):
[[ 0.11 -0.   -0.    0.53 -0.12 -0.   -0.01 -0.03  0.06 -0.   -0.11 -0.14
   0.8  -0.02  0.21  0.    0.13  0.04 -0.01 -0.01  0.23 -0.11  0.04 -0.05
  -0.31 -0.   -0.87 -0.   -0.   -0.02 -0.24 -0.2  -0.   -0.   -0.   -0.02
  -0.   -0.05 -0.05 -0.   -0.02 -0.06 -0.   -0.01 -0.    0.18 -0.04 -0.
  -0.03 -0.07 -0.95 -0.01 -0.   -0.01 -0.    0.2  -0.   -0.   -0.   -0.05
  -2.04 -0.08 -0.16 -0.    0.07 -0.01 -0.   -0.    0.21 -0.19 -0.09 -0.08
   0.39 -0.02 -0.01  0.22 -0.   -0.01 -0.01 -0.08 -0.02 -0.03 -0.03  0.08
  -0.01 -0.01 -0.48 -0.07 -0.5  -0.   -0.    0.29 -0.   -0.   -0.24 -1.37
   0.01 -0.   -0.   -0.01 -0.02  0.02 -0.29 -0.05  0.75 -0.04 -0.   -0.
  -0.33 -0.   -0.    0.   -0.   -0.01  0.25 -0.   -0.   -0.   -0.09  0.07
  -0.03 -0.02 -0.01 -0.04 -0.16 -0.02 -0.    0.57]
 [ 0.13 -0.   -0.   -0.44 -0.04 -0.   -0.02 -0.14  0.14 -0.   -0.16 -0.59
  -1.3  -0.07  0.33 -0.    0.18 -2.44 -0.01 -0.02  0.45 -0.3   0.38 -0.1
  -0.4  -0.04  0.26 -0.   -0.   -0.03 -0.9  -0.25 -0.   -0.   -0.   -0.02
  -0.01 -0.32 -0.16 -0.   -0.16  0.01 -0.   -0.01 -0.    0.32 -0.22 -0.
  -0.29 -0.06 -0.86 -0.01 -0.05 -0.02 -0.   -0.55 -0.   -0.   -0.01 -0.1
  -0.75  0.39 -0.36 -0.    0.07 -0.04 -0.   -0.   -0.97  0.36 -0.15 -0.15
  -0.73 -0.04 -0.11 -0.08 -0.   -0.03  0.05 -0.19  0.07 -0.07 -0.05  0.01
  -0.02 -0.01  0.18 -0.32  0.58 -0.   -0.    0.42 -0.   -0.   -1.03 -0.64
  -0.07 -0.   -0.   -0.01 -0.05  0.32 -0.1  -0.19 -1.73 -0.24 -0.   -0.01
  -0.11 -0.   -0.01  0.07 -0.01 -0.01 -0.1  -0.   -0.   -0.   -0.07 -1.41
  -0.06 -0.08 -0.02  0.04 -0.87 -0.05 -0.    0.78]]

After Decoder Layer 6 (first 5 rows):
[[0.11 0.   0.   0.53 0.   0.   0.   0.   0.06 0.   0.   0.   0.8  0.
  0.21 0.   0.13 0.04 0.   0.   0.23 0.   0.04 0.   0.   0.   0.   0.
  0.   0.   0.   0.   0.   0.   0.   0.   0.   0.   0.   0.   0.   0.
  0.   0.   0.   0.18 0.   0.   0.   0.   0.   0.   0.   0.   0.   0.2
  0.   0.   0.   0.   0.   0.   0.   0.   0.07 0.   0.   0.   0.21 0.
  0.   0.   0.39 0.   0.   0.22 0.   0.   0.   0.   0.   0.   0.   0.08
  0.   0.   0.   0.   0.   0.   0.   0.29 0.   0.   0.   0.   0.01 0.
  0.   0.   0.   0.02 0.   0.   0.75 0.   0.   0.   0.   0.   0.   0.
  0.   0.   0.25 0.   0.   0.   0.   0.07 0.   0.   0.   0.   0.   0.
  0.   0.57]
 [0.13 0.   0.   0.   0.   0.   0.   0.   0.14 0.   0.   0.   0.   0.
  0.33 0.   0.18 0.   0.   0.   0.45 0.   0.38 0.   0.   0.   0.26 0.
  0.   0.   0.   0.   0.   0.   0.   0.   0.   0.   0.   0.   0.   0.01
  0.   0.   0.   0.32 0.   0.   0.   0.   0.   0.   0.   0.   0.   0.
  0.   0.   0.   0.   0.   0.39 0.   0.   0.07 0.   0.   0.   0.   0.36
  0.   0.   0.   0.   0.   0.   0.   0.   0.05 0.   0.07 0.   0.   0.01
  0.   0.   0.18 0.   0.58 0.   0.   0.42 0.   0.   0.   0.   0.   0.
  0.   0.   0.   0.32 0.   0.   0.   0.   0.   0.   0.   0.   0.   0.07
  0.   0.   0.   0.   0.   0.   0.   0.   0.   0.   0.   0.04 0.   0.
  0.   0.78]]

After Decoder Layer 7 (first 5 rows):
[[ 0.26  0.11  0.12  0.14  0.13  0.11  0.11  0.14  0.13  0.12  0.11  0.13
   0.14  0.13  0.13  0.12  0.14  0.13  0.11  0.13  0.14  0.11  0.15  0.14
   0.14  0.13  0.13  0.11  0.13  0.14  0.14  0.1   0.11  0.1   0.15  0.13
   0.11  0.13  0.14  0.14  0.15  0.14  0.14  0.14  0.15  0.16  0.16  0.16
   0.14  0.14  0.15  0.13  0.11  0.08  0.07  0.02 -0.01 -0.01 -0.02 -0.03
  -0.02 -0.02 -0.02 -0.01  0.    0.01  0.02  0.02  0.01 -0.   -0.   -0.01
  -0.   -0.01  0.   -0.   -0.    0.01  0.    0.01  0.01  0.   -0.01 -0.
   0.    0.    0.    0.    0.    0.    0.    0.   -0.   -0.   -0.   -0.
   0.    0.   -0.   -0.    0.24  0.12  0.13  0.13  0.12  0.12  0.13  0.14
   0.11  0.12  0.13  0.15  0.11  0.12  0.12  0.1   0.11  0.13  0.13  0.14
   0.11  0.13  0.13  0.14  0.14  0.13  0.15  0.16  0.13  0.14  0.15  0.14
   0.16  0.13  0.14  0.14  0.13  0.13  0.15  0.14  0.14  0.13  0.14  0.12
   0.13  0.16  0.14  0.14  0.13  0.16  0.14  0.13  0.09  0.04  0.04  0.03
  -0.01 -0.   -0.03 -0.02 -0.02 -0.04 -0.01 -0.    0.01  0.01 -0.   -0.
   0.    0.01 -0.   -0.01 -0.    0.   -0.01 -0.   -0.    0.01  0.    0.
   0.   -0.   -0.    0.   -0.   -0.01  0.   -0.    0.    0.   -0.    0.
   0.    0.    0.    0.    0.    0.   -0.    0.    0.23  0.37  0.41  0.4
   0.36  0.42  0.39  0.39  0.37  0.39  0.38  0.36  0.36  0.4   0.4   0.39
   0.4   0.37  0.38  0.38  0.36  0.36  0.37  0.36  0.38  0.39  0.4   0.38
   0.39  0.35  0.34  0.39  0.38  0.4   0.37  0.4   0.37  0.4   0.38  0.39
   0.4   0.39  0.37  0.4   0.36  0.36  0.37  0.37  0.36  0.35  0.29  0.28
   0.21  0.18  0.14  0.09  0.07  0.03  0.01 -0.01 -0.02  0.    0.01  0.01
   0.01  0.01  0.03  0.02  0.01 -0.   -0.01  0.   -0.01 -0.01 -0.   -0.
  -0.    0.    0.01  0.   -0.   -0.   -0.   -0.   -0.   -0.   -0.    0.
  -0.   -0.    0.    0.   -0.    0.   -0.   -0.    0.    0.    0.   -0.
   0.29  0.44  0.38  0.38  0.42  0.37  0.41  0.37  0.42  0.4   0.41  0.4
   0.42  0.38  0.39  0.41  0.38  0.41  0.41  0.39  0.42  0.44  0.38  0.4
   0.38  0.4   0.35  0.39  0.38  0.4   0.42  0.4   0.4   0.4   0.37  0.37
   0.43  0.39  0.36  0.37  0.34  0.37  0.38  0.38  0.39  0.39  0.39  0.38
   0.39  0.32  0.34  0.26  0.22  0.19  0.1   0.1   0.07  0.03  0.02  0.01
  -0.    0.   -0.01  0.    0.01  0.02  0.02  0.01  0.   -0.   -0.   -0.
  -0.01 -0.01 -0.01 -0.    0.01 -0.    0.01  0.    0.   -0.    0.   -0.
  -0.   -0.   -0.01  0.    0.   -0.    0.   -0.    0.   -0.    0.    0.
  -0.   -0.    0.    0.    0.    0.   -0.   -0.    0.   -0.    0.    0.
   0.    0.    0.    0.   -0.    0.    0.   -0.    0.   -0.    0.   -0.
  -0.   -0.    0.    0.    0.   -0.   -0.    0.    0.    0.   -0.    0.
   0.    0.    0.    0.    0.    0.    0.    0.    0.   -0.   -0.    0.
  -0.   -0.    0.   -0.   -0.   -0.    0.   -0.   -0.   -0.    0.    0.
  -0.    0.   -0.    0.   -0.   -0.    0.   -0.    0.   -0.    0.    0.
   0.    0.   -0.    0.   -0.    0.    0.   -0.    0.    0.    0.    0.
   0.   -0.    0.    0.   -0.    0.   -0.   -0.   -0.   -0.    0.    0.
  -0.    0.   -0.    0.   -0.    0.    0.   -0.  ]
 [ 0.26  0.14  0.14  0.17  0.12  0.14  0.13  0.15  0.16  0.17  0.14  0.16
   0.16  0.13  0.15  0.16  0.17  0.15  0.12  0.14  0.15  0.16  0.17  0.15
   0.15  0.18  0.18  0.15  0.15  0.17  0.15  0.13  0.13  0.15  0.19  0.18
   0.15  0.14  0.14  0.15  0.15  0.15  0.16  0.14  0.15  0.17  0.17  0.16
   0.14  0.15  0.17  0.16  0.15  0.17  0.16  0.17  0.13  0.15  0.18  0.15
   0.2   0.13  0.16  0.16  0.12  0.16  0.13  0.16  0.13  0.2   0.15  0.16
   0.16  0.14  0.15  0.17  0.16  0.18  0.16  0.15  0.17  0.17  0.16  0.14
   0.13  0.09  0.09  0.08  0.05  0.03  0.03  0.02  0.01 -0.    0.   -0.02
  -0.   -0.02 -0.01 -0.    0.24  0.18  0.13  0.14  0.14  0.16  0.17  0.19
   0.11  0.13  0.16  0.17  0.12  0.16  0.14  0.14  0.12  0.15  0.18  0.16
   0.15  0.15  0.12  0.16  0.15  0.12  0.15  0.15  0.15  0.16  0.17  0.15
   0.17  0.16  0.15  0.15  0.16  0.15  0.15  0.14  0.15  0.14  0.17  0.15
   0.15  0.15  0.15  0.16  0.13  0.17  0.13  0.17  0.17  0.14  0.16  0.15
   0.14  0.17  0.15  0.18  0.15  0.15  0.16  0.16  0.17  0.15  0.16  0.18
   0.15  0.15  0.15  0.14  0.13  0.15  0.15  0.14  0.17  0.17  0.16  0.18
   0.19  0.17  0.12  0.14  0.15  0.16  0.08  0.04  0.04  0.04  0.04  0.01
  -0.01 -0.01  0.01 -0.02 -0.03 -0.01 -0.01  0.    0.24  0.32  0.38  0.35
   0.35  0.39  0.35  0.35  0.36  0.4   0.34  0.34  0.35  0.35  0.37  0.35
   0.37  0.37  0.33  0.36  0.34  0.33  0.35  0.34  0.36  0.37  0.37  0.35
   0.39  0.34  0.32  0.34  0.35  0.35  0.34  0.37  0.32  0.35  0.33  0.34
   0.4   0.38  0.35  0.36  0.38  0.34  0.36  0.34  0.37  0.36  0.34  0.34
   0.35  0.37  0.37  0.34  0.41  0.38  0.35  0.36  0.33  0.39  0.36  0.36
   0.35  0.33  0.35  0.36  0.38  0.34  0.35  0.38  0.39  0.36  0.34  0.33
   0.35  0.32  0.36  0.34  0.36  0.35  0.34  0.3   0.27  0.22  0.18  0.16
   0.1   0.07  0.06  0.03  0.03 -0.   -0.02 -0.   -0.01 -0.02 -0.01 -0.01
   0.27  0.38  0.37  0.37  0.41  0.33  0.36  0.33  0.39  0.32  0.37  0.36
   0.39  0.38  0.37  0.36  0.35  0.36  0.39  0.36  0.38  0.37  0.38  0.37
   0.36  0.35  0.31  0.36  0.34  0.35  0.39  0.39  0.38  0.36  0.33  0.32
   0.37  0.36  0.38  0.38  0.32  0.36  0.34  0.38  0.34  0.36  0.36  0.36
   0.38  0.33  0.39  0.36  0.35  0.34  0.33  0.37  0.35  0.34  0.36  0.34
   0.35  0.36  0.35  0.35  0.39  0.38  0.36  0.33  0.35  0.33  0.37  0.32
   0.33  0.36  0.38  0.39  0.36  0.38  0.37  0.39  0.33  0.35  0.35  0.32
   0.24  0.2   0.21  0.14  0.13  0.11  0.04  0.05  0.04  0.03 -0.01  0.
  -0.01 -0.01 -0.02 -0.01 -0.    0.   -0.   -0.    0.    0.   -0.    0.
  -0.    0.    0.    0.    0.    0.   -0.    0.   -0.    0.    0.   -0.
  -0.   -0.    0.    0.    0.    0.   -0.    0.    0.    0.   -0.   -0.
  -0.    0.    0.   -0.    0.    0.    0.    0.    0.   -0.   -0.    0.
  -0.   -0.    0.    0.   -0.    0.   -0.   -0.   -0.   -0.    0.    0.
  -0.    0.   -0.   -0.    0.   -0.   -0.   -0.    0.   -0.    0.   -0.
   0.    0.    0.    0.   -0.    0.   -0.   -0.    0.   -0.    0.   -0.
   0.   -0.   -0.   -0.   -0.    0.   -0.   -0.    0.   -0.    0.    0.
  -0.   -0.   -0.    0.   -0.    0.    0.   -0.  ]]

After Decoder Layer 8 (first 5 rows):
[[ 0.26  0.11  0.12  0.14  0.13  0.11  0.11  0.14  0.13  0.12  0.11  0.13
   0.14  0.13  0.12  0.12  0.14  0.13  0.11  0.13  0.14  0.11  0.15  0.13
   0.14  0.12  0.13  0.11  0.13  0.14  0.14  0.1   0.11  0.1   0.15  0.13
   0.11  0.13  0.14  0.13  0.15  0.14  0.14  0.14  0.15  0.16  0.16  0.16
   0.14  0.14  0.15  0.13  0.11  0.08  0.07  0.02 -0.01 -0.01 -0.02 -0.03
  -0.02 -0.02 -0.02 -0.01  0.    0.01  0.02  0.02  0.01 -0.   -0.   -0.01
  -0.   -0.01  0.   -0.   -0.    0.01  0.    0.01  0.01  0.   -0.01 -0.
   0.    0.    0.    0.    0.    0.    0.    0.   -0.   -0.   -0.   -0.
   0.    0.   -0.   -0.    0.24  0.12  0.13  0.13  0.12  0.12  0.13  0.13
   0.11  0.12  0.12  0.15  0.11  0.12  0.12  0.1   0.11  0.13  0.13  0.14
   0.11  0.13  0.13  0.14  0.13  0.12  0.15  0.16  0.13  0.14  0.15  0.14
   0.16  0.13  0.14  0.14  0.13  0.13  0.14  0.14  0.14  0.13  0.14  0.12
   0.13  0.15  0.14  0.14  0.13  0.16  0.14  0.13  0.09  0.04  0.04  0.03
  -0.01 -0.   -0.03 -0.02 -0.02 -0.04 -0.01 -0.    0.01  0.01 -0.   -0.
   0.    0.01 -0.   -0.01 -0.    0.   -0.01 -0.   -0.    0.01  0.    0.
   0.   -0.   -0.    0.   -0.   -0.01  0.   -0.    0.    0.   -0.    0.
   0.    0.    0.    0.    0.    0.   -0.    0.    0.23  0.35  0.38  0.38
   0.35  0.4   0.37  0.37  0.36  0.37  0.36  0.34  0.35  0.38  0.38  0.37
   0.38  0.35  0.37  0.36  0.35  0.35  0.36  0.34  0.37  0.37  0.38  0.36
   0.37  0.34  0.33  0.37  0.36  0.38  0.36  0.38  0.35  0.38  0.37  0.37
   0.38  0.37  0.36  0.38  0.35  0.35  0.35  0.35  0.34  0.34  0.28  0.27
   0.21  0.17  0.14  0.09  0.07  0.03  0.01 -0.01 -0.02  0.    0.01  0.01
   0.01  0.01  0.03  0.02  0.01 -0.   -0.01  0.   -0.01 -0.01 -0.   -0.
  -0.    0.    0.01  0.   -0.   -0.   -0.   -0.   -0.   -0.   -0.    0.
  -0.   -0.    0.    0.   -0.    0.   -0.   -0.    0.    0.    0.   -0.
   0.28  0.42  0.37  0.36  0.39  0.36  0.39  0.35  0.4   0.38  0.39  0.38
   0.4   0.36  0.37  0.39  0.37  0.39  0.38  0.37  0.4   0.41  0.36  0.38
   0.37  0.38  0.34  0.37  0.36  0.38  0.4   0.38  0.38  0.38  0.36  0.35
   0.4   0.37  0.35  0.36  0.33  0.35  0.36  0.36  0.37  0.37  0.37  0.36
   0.37  0.31  0.32  0.25  0.22  0.19  0.1   0.1   0.07  0.03  0.02  0.01
  -0.    0.   -0.01  0.    0.01  0.02  0.02  0.01  0.   -0.   -0.   -0.
  -0.01 -0.01 -0.01 -0.    0.01 -0.    0.01  0.    0.   -0.    0.   -0.
  -0.   -0.   -0.01  0.    0.   -0.    0.   -0.    0.   -0.    0.    0.
  -0.   -0.    0.    0.    0.    0.   -0.   -0.    0.   -0.    0.    0.
   0.    0.    0.    0.   -0.    0.    0.   -0.    0.   -0.    0.   -0.
  -0.   -0.    0.    0.    0.   -0.   -0.    0.    0.    0.   -0.    0.
   0.    0.    0.    0.    0.    0.    0.    0.    0.   -0.   -0.    0.
  -0.   -0.    0.   -0.   -0.   -0.    0.   -0.   -0.   -0.    0.    0.
  -0.    0.   -0.    0.   -0.   -0.    0.   -0.    0.   -0.    0.    0.
   0.    0.   -0.    0.   -0.    0.    0.   -0.    0.    0.    0.    0.
   0.   -0.    0.    0.   -0.    0.   -0.   -0.   -0.   -0.    0.    0.
  -0.    0.   -0.    0.   -0.    0.    0.   -0.  ]
 [ 0.26  0.14  0.14  0.17  0.12  0.14  0.13  0.15  0.16  0.17  0.14  0.16
   0.16  0.13  0.14  0.16  0.17  0.15  0.12  0.14  0.15  0.16  0.16  0.15
   0.15  0.18  0.18  0.15  0.15  0.16  0.14  0.13  0.13  0.15  0.18  0.18
   0.14  0.14  0.14  0.15  0.15  0.15  0.16  0.14  0.15  0.17  0.17  0.16
   0.14  0.15  0.17  0.16  0.15  0.16  0.15  0.17  0.13  0.15  0.17  0.15
   0.19  0.13  0.16  0.16  0.12  0.16  0.13  0.16  0.13  0.19  0.15  0.16
   0.16  0.14  0.15  0.17  0.16  0.18  0.16  0.15  0.17  0.17  0.16  0.14
   0.13  0.09  0.09  0.08  0.05  0.03  0.03  0.02  0.01 -0.    0.   -0.02
  -0.   -0.02 -0.01 -0.    0.23  0.18  0.13  0.14  0.14  0.16  0.17  0.19
   0.11  0.13  0.16  0.16  0.12  0.16  0.14  0.14  0.12  0.15  0.18  0.15
   0.15  0.15  0.12  0.16  0.15  0.12  0.15  0.15  0.15  0.16  0.17  0.15
   0.17  0.16  0.15  0.15  0.16  0.15  0.15  0.14  0.15  0.14  0.17  0.15
   0.15  0.15  0.15  0.16  0.13  0.17  0.13  0.16  0.17  0.14  0.16  0.15
   0.14  0.17  0.15  0.18  0.15  0.15  0.16  0.16  0.17  0.15  0.16  0.17
   0.14  0.15  0.14  0.14  0.13  0.15  0.15  0.14  0.16  0.17  0.15  0.17
   0.19  0.17  0.12  0.14  0.15  0.16  0.08  0.04  0.04  0.04  0.04  0.01
  -0.01 -0.01  0.01 -0.02 -0.03 -0.01 -0.01  0.    0.23  0.31  0.36  0.34
   0.33  0.37  0.34  0.34  0.34  0.38  0.33  0.33  0.33  0.34  0.35  0.34
   0.36  0.35  0.32  0.35  0.33  0.32  0.33  0.32  0.35  0.35  0.36  0.34
   0.37  0.33  0.31  0.33  0.34  0.34  0.33  0.35  0.31  0.34  0.32  0.33
   0.38  0.36  0.34  0.34  0.36  0.33  0.35  0.33  0.36  0.34  0.32  0.33
   0.34  0.35  0.36  0.33  0.39  0.36  0.34  0.34  0.32  0.37  0.35  0.35
   0.33  0.32  0.34  0.34  0.36  0.33  0.33  0.36  0.37  0.35  0.33  0.31
   0.34  0.31  0.34  0.33  0.34  0.33  0.33  0.29  0.26  0.22  0.18  0.16
   0.09  0.07  0.06  0.03  0.03 -0.   -0.02 -0.   -0.01 -0.02 -0.01 -0.01
   0.27  0.36  0.35  0.35  0.39  0.32  0.35  0.32  0.37  0.31  0.36  0.34
   0.37  0.36  0.36  0.35  0.34  0.34  0.37  0.34  0.36  0.36  0.36  0.36
   0.35  0.34  0.3   0.34  0.33  0.33  0.37  0.37  0.36  0.34  0.32  0.31
   0.36  0.35  0.36  0.36  0.31  0.34  0.33  0.36  0.33  0.34  0.34  0.34
   0.36  0.32  0.37  0.34  0.34  0.33  0.32  0.36  0.34  0.32  0.34  0.33
   0.34  0.35  0.34  0.34  0.37  0.36  0.35  0.32  0.34  0.31  0.35  0.31
   0.32  0.34  0.36  0.37  0.35  0.36  0.35  0.37  0.32  0.34  0.34  0.31
   0.24  0.2   0.21  0.14  0.13  0.1   0.04  0.05  0.04  0.03 -0.01  0.
  -0.01 -0.01 -0.02 -0.01 -0.    0.   -0.   -0.    0.    0.   -0.    0.
  -0.    0.    0.    0.    0.    0.   -0.    0.   -0.    0.    0.   -0.
  -0.   -0.    0.    0.    0.    0.   -0.    0.    0.    0.   -0.   -0.
  -0.    0.    0.   -0.    0.    0.    0.    0.    0.   -0.   -0.    0.
  -0.   -0.    0.    0.   -0.    0.   -0.   -0.   -0.   -0.    0.    0.
  -0.    0.   -0.   -0.    0.   -0.   -0.   -0.    0.   -0.    0.   -0.
   0.    0.    0.    0.   -0.    0.   -0.   -0.    0.   -0.    0.   -0.
   0.   -0.   -0.   -0.   -0.    0.   -0.   -0.    0.   -0.    0.    0.
  -0.   -0.   -0.    0.   -0.    0.    0.   -0.  ]]

Output (Decoded) (first 5 rows):
[[ 0.26  0.11  0.12  0.14  0.13  0.11  0.11  0.14  0.13  0.12  0.11  0.13
   0.14  0.13  0.12  0.12  0.14  0.13  0.11  0.13  0.14  0.11  0.15  0.13
   0.14  0.12  0.13  0.11  0.13  0.14  0.14  0.1   0.11  0.1   0.15  0.13
   0.11  0.13  0.14  0.13  0.15  0.14  0.14  0.14  0.15  0.16  0.16  0.16
   0.14  0.14  0.15  0.13  0.11  0.08  0.07  0.02 -0.01 -0.01 -0.02 -0.03
  -0.02 -0.02 -0.02 -0.01  0.    0.01  0.02  0.02  0.01 -0.   -0.   -0.01
  -0.   -0.01  0.   -0.   -0.    0.01  0.    0.01  0.01  0.   -0.01 -0.
   0.    0.    0.    0.    0.    0.    0.    0.   -0.   -0.   -0.   -0.
   0.    0.   -0.   -0.    0.24  0.12  0.13  0.13  0.12  0.12  0.13  0.13
   0.11  0.12  0.12  0.15  0.11  0.12  0.12  0.1   0.11  0.13  0.13  0.14
   0.11  0.13  0.13  0.14  0.13  0.12  0.15  0.16  0.13  0.14  0.15  0.14
   0.16  0.13  0.14  0.14  0.13  0.13  0.14  0.14  0.14  0.13  0.14  0.12
   0.13  0.15  0.14  0.14  0.13  0.16  0.14  0.13  0.09  0.04  0.04  0.03
  -0.01 -0.   -0.03 -0.02 -0.02 -0.04 -0.01 -0.    0.01  0.01 -0.   -0.
   0.    0.01 -0.   -0.01 -0.    0.   -0.01 -0.   -0.    0.01  0.    0.
   0.   -0.   -0.    0.   -0.   -0.01  0.   -0.    0.    0.   -0.    0.
   0.    0.    0.    0.    0.    0.   -0.    0.    0.23  0.35  0.38  0.38
   0.35  0.4   0.37  0.37  0.36  0.37  0.36  0.34  0.35  0.38  0.38  0.37
   0.38  0.35  0.37  0.36  0.35  0.35  0.36  0.34  0.37  0.37  0.38  0.36
   0.37  0.34  0.33  0.37  0.36  0.38  0.36  0.38  0.35  0.38  0.37  0.37
   0.38  0.37  0.36  0.38  0.35  0.35  0.35  0.35  0.34  0.34  0.28  0.27
   0.21  0.17  0.14  0.09  0.07  0.03  0.01 -0.01 -0.02  0.    0.01  0.01
   0.01  0.01  0.03  0.02  0.01 -0.   -0.01  0.   -0.01 -0.01 -0.   -0.
  -0.    0.    0.01  0.   -0.   -0.   -0.   -0.   -0.   -0.   -0.    0.
  -0.   -0.    0.    0.   -0.    0.   -0.   -0.    0.    0.    0.   -0.
   0.28  0.42  0.37  0.36  0.39  0.36  0.39  0.35  0.4   0.38  0.39  0.38
   0.4   0.36  0.37  0.39  0.37  0.39  0.38  0.37  0.4   0.41  0.36  0.38
   0.37  0.38  0.34  0.37  0.36  0.38  0.4   0.38  0.38  0.38  0.36  0.35
   0.4   0.37  0.35  0.36  0.33  0.35  0.36  0.36  0.37  0.37  0.37  0.36
   0.37  0.31  0.32  0.25  0.22  0.19  0.1   0.1   0.07  0.03  0.02  0.01
  -0.    0.   -0.01  0.    0.01  0.02  0.02  0.01  0.   -0.   -0.   -0.
  -0.01 -0.01 -0.01 -0.    0.01 -0.    0.01  0.    0.   -0.    0.   -0.
  -0.   -0.   -0.01  0.    0.   -0.    0.   -0.    0.   -0.    0.    0.
  -0.   -0.    0.    0.    0.    0.   -0.   -0.    0.   -0.    0.    0.
   0.    0.    0.    0.   -0.    0.    0.   -0.    0.   -0.    0.   -0.
  -0.   -0.    0.    0.    0.   -0.   -0.    0.    0.    0.   -0.    0.
   0.    0.    0.    0.    0.    0.    0.    0.    0.   -0.   -0.    0.
  -0.   -0.    0.   -0.   -0.   -0.    0.   -0.   -0.   -0.    0.    0.
  -0.    0.   -0.    0.   -0.   -0.    0.   -0.    0.   -0.    0.    0.
   0.    0.   -0.    0.   -0.    0.    0.   -0.    0.    0.    0.    0.
   0.   -0.    0.    0.   -0.    0.   -0.   -0.   -0.   -0.    0.    0.
  -0.    0.   -0.    0.   -0.    0.    0.   -0.  ]
 [ 0.26  0.14  0.14  0.17  0.12  0.14  0.13  0.15  0.16  0.17  0.14  0.16
   0.16  0.13  0.14  0.16  0.17  0.15  0.12  0.14  0.15  0.16  0.16  0.15
   0.15  0.18  0.18  0.15  0.15  0.16  0.14  0.13  0.13  0.15  0.18  0.18
   0.14  0.14  0.14  0.15  0.15  0.15  0.16  0.14  0.15  0.17  0.17  0.16
   0.14  0.15  0.17  0.16  0.15  0.16  0.15  0.17  0.13  0.15  0.17  0.15
   0.19  0.13  0.16  0.16  0.12  0.16  0.13  0.16  0.13  0.19  0.15  0.16
   0.16  0.14  0.15  0.17  0.16  0.18  0.16  0.15  0.17  0.17  0.16  0.14
   0.13  0.09  0.09  0.08  0.05  0.03  0.03  0.02  0.01 -0.    0.   -0.02
  -0.   -0.02 -0.01 -0.    0.23  0.18  0.13  0.14  0.14  0.16  0.17  0.19
   0.11  0.13  0.16  0.16  0.12  0.16  0.14  0.14  0.12  0.15  0.18  0.15
   0.15  0.15  0.12  0.16  0.15  0.12  0.15  0.15  0.15  0.16  0.17  0.15
   0.17  0.16  0.15  0.15  0.16  0.15  0.15  0.14  0.15  0.14  0.17  0.15
   0.15  0.15  0.15  0.16  0.13  0.17  0.13  0.16  0.17  0.14  0.16  0.15
   0.14  0.17  0.15  0.18  0.15  0.15  0.16  0.16  0.17  0.15  0.16  0.17
   0.14  0.15  0.14  0.14  0.13  0.15  0.15  0.14  0.16  0.17  0.15  0.17
   0.19  0.17  0.12  0.14  0.15  0.16  0.08  0.04  0.04  0.04  0.04  0.01
  -0.01 -0.01  0.01 -0.02 -0.03 -0.01 -0.01  0.    0.23  0.31  0.36  0.34
   0.33  0.37  0.34  0.34  0.34  0.38  0.33  0.33  0.33  0.34  0.35  0.34
   0.36  0.35  0.32  0.35  0.33  0.32  0.33  0.32  0.35  0.35  0.36  0.34
   0.37  0.33  0.31  0.33  0.34  0.34  0.33  0.35  0.31  0.34  0.32  0.33
   0.38  0.36  0.34  0.34  0.36  0.33  0.35  0.33  0.36  0.34  0.32  0.33
   0.34  0.35  0.36  0.33  0.39  0.36  0.34  0.34  0.32  0.37  0.35  0.35
   0.33  0.32  0.34  0.34  0.36  0.33  0.33  0.36  0.37  0.35  0.33  0.31
   0.34  0.31  0.34  0.33  0.34  0.33  0.33  0.29  0.26  0.22  0.18  0.16
   0.09  0.07  0.06  0.03  0.03 -0.   -0.02 -0.   -0.01 -0.02 -0.01 -0.01
   0.27  0.36  0.35  0.35  0.39  0.32  0.35  0.32  0.37  0.31  0.36  0.34
   0.37  0.36  0.36  0.35  0.34  0.34  0.37  0.34  0.36  0.36  0.36  0.36
   0.35  0.34  0.3   0.34  0.33  0.33  0.37  0.37  0.36  0.34  0.32  0.31
   0.36  0.35  0.36  0.36  0.31  0.34  0.33  0.36  0.33  0.34  0.34  0.34
   0.36  0.32  0.37  0.34  0.34  0.33  0.32  0.36  0.34  0.32  0.34  0.33
   0.34  0.35  0.34  0.34  0.37  0.36  0.35  0.32  0.34  0.31  0.35  0.31
   0.32  0.34  0.36  0.37  0.35  0.36  0.35  0.37  0.32  0.34  0.34  0.31
   0.24  0.2   0.21  0.14  0.13  0.1   0.04  0.05  0.04  0.03 -0.01  0.
  -0.01 -0.01 -0.02 -0.01 -0.    0.   -0.   -0.    0.    0.   -0.    0.
  -0.    0.    0.    0.    0.    0.   -0.    0.   -0.    0.    0.   -0.
  -0.   -0.    0.    0.    0.    0.   -0.    0.    0.    0.   -0.   -0.
  -0.    0.    0.   -0.    0.    0.    0.    0.    0.   -0.   -0.    0.
  -0.   -0.    0.    0.   -0.    0.   -0.   -0.   -0.   -0.    0.    0.
  -0.    0.   -0.   -0.    0.   -0.   -0.   -0.    0.   -0.    0.   -0.
   0.    0.    0.    0.   -0.    0.   -0.   -0.    0.   -0.    0.   -0.
   0.   -0.   -0.   -0.   -0.    0.   -0.   -0.    0.   -0.    0.    0.
  -0.   -0.   -0.    0.   -0.    0.    0.   -0.  ]]
